1047.50
1002.50
980.00
1022.50
1040.00
1002.50
965.00
1005.00
1027.50
997.50
960.00
985.00
1022.50
1017.50
965.00
945.00
1035.00
1035.00
1015.00
947.50
1007.50
1025.00
1000.00
975.00
1022.50
1035.00
1012.50
982.50
1030.00
1045.00
1025.00
947.50
980.00
1010.00
1007.50
975.00
1045.00
1080.00
1082.50
1032.50
1032.50
1077.50
1052.50
1005.00
1010.00
1040.00
1017.50
955.00
1007.50
1032.50
1007.50
947.50
952.50
987.50
1017.50
980.00
957.50
1010.00
1020.00
1000.00
955.00
1005.00
1027.50
1022.50
972.50
955.00
1007.50
1032.50
972.50
940.00
982.50
1025.00
1002.50
947.50
977.50
1012.50
1005.00
970.00
940.00
997.50
1047.50
990.00
947.50
1025.00
1057.50
992.50
972.50
1032.50
1045.00
1010.00
957.50
1007.50
1062.50
1032.50
987.50
1037.50
1035.00
1060.00
985.00
977.50
1020.00
1017.50
997.50
932.50
955.00
992.50
1022.50
980.00
940.00
995.00
995.00
980.00
950.00
1010.00
1052.50
1010.00
962.50
1012.50
1040.00
1037.50
972.50
950.00
1020.00
1050.00
1015.00
965.00
1005.00
1035.00
1020.00
962.50
995.00
1035.00
1020.00
955.00
955.00
997.50
1015.00
957.50
942.50
1020.00
1030.00
990.00
965.00
997.50
1022.50
1007.50
940.00
937.50
1000.00
1000.00
977.50
930.00
1017.50
1025.00
985.00
995.00
1067.50
1055.00
990.00
977.50
1025.00
1040.00
990.00
942.50
987.50
1030.00
1002.50
960.00
957.50
1007.50
1042.50
995.00
955.00
1020.00
1025.00
982.50
957.50
1025.00
1030.00
977.50
962.50
1005.00
1042.50
987.50
982.50
1020.00
1032.50
1002.50
952.50
985.00
1040.00
1020.00
955.00
960.00
995.00
1020.00
977.50
945.00
1010.00
1047.50
1055.00
965.00
935.00
1007.50
1012.50
985.00
937.50
987.50
1072.50
1055.00
1002.50
982.50
1060.00
1047.50
997.50
965.00
1022.50
1017.50
1042.50
982.50
1002.50
1037.50
1042.50
977.50
990.00
1027.50
1032.50
987.50
947.50
985.00
992.50
957.50
950.00
1015.00
1042.50
995.00
970.00
1015.00
1050.00
1032.50
977.50
1002.50
1027.50
992.50
945.00
987.50
1000.00
995.00
947.50
935.00
990.00
1017.50
1002.50
930.00
960.00
995.00
1027.50
1000.00
962.50
1025.00
1047.50
1055.00
985.00
967.50
1042.50
1045.00
1005.00
997.50
1045.00
1052.50
1010.00
972.50
1027.50
1062.50
990.00
960.00
997.50
1012.50
1015.00
955.00
935.00
995.00
1025.00
1012.50
970.00
985.00
990.00
1002.50
937.50
932.50
960.00
1010.00
970.00
937.50
1005.00
1027.50
1025.00
970.00
990.00
1020.00
1032.50
987.50
980.00
1062.50
1070.00
997.50
980.00
1050.00
1040.00
1010.00
980.00
1062.50
1055.00
1012.50
987.50
995.00
1035.00
1005.00
957.50
985.00
997.50
972.50
965.00
927.50
980.00
1015.00
1017.50
982.50
985.00
1047.50
1042.50
992.50
962.50
1010.00
1015.00
972.50
945.00
980.00
1005.00
950.00
932.50
972.50
1002.50
1002.50
977.50
1010.00
1057.50
1050.00
997.50
1040.00
1055.00
1032.50
977.50
945.00
990.00
1007.50
980.00
950.00
1005.00
1037.50
1017.50
972.50
1005.00
1037.50
1020.00
957.50
950.00
992.50
1022.50
1000.00
957.50
990.00
1017.50
1020.00
972.50
952.50
975.00
1005.00
975.00
952.50
1010.00
1022.50
1017.50
970.00
990.00
1010.00
1002.50
977.50
967.50
1005.00
1032.50
1045.00
1005.00
995.00
1047.50
1037.50
992.50
967.50
992.50
1015.00
960.00
960.00
987.50
997.50
960.00
940.00
1027.50
1037.50
995.00
947.50
990.00
1017.50
1015.00
962.50
927.50
997.50
1020.00
997.50
945.00
987.50
1027.50
1037.50
982.50
982.50
1060.00
1052.50
1012.50
1012.50
1085.00
1072.50
1022.50
982.50
1042.50
1050.00
1017.50
985.00
1015.00
1032.50
1017.50
957.50
1002.50
1030.00
1050.00
987.50
952.50
1017.50
1025.00
992.50
970.00
1080.00
1080.00
1045.00
995.00
1032.50
1072.50
1057.50
1005.00
987.50
1032.50
1032.50
980.00
975.00
1007.50
1022.50
975.00
972.50
1007.50
1012.50
982.50
957.50
1027.50
1035.00
970.00
960.00
1000.00
1025.00
975.00
952.50
1002.50
1020.00
1005.00
955.00
945.00
1012.50
1052.50
1020.00
972.50
1032.50
1070.00
1047.50
1020.00
1022.50
1037.50
1022.50
972.50
967.50
1012.50
1022.50
1002.50
957.50
997.50
1045.00
1065.00
1012.50
957.50
1025.00
1052.50
1020.00
977.50
1015.00
1060.00
1030.00
977.50
992.50
1010.00
1012.50
985.00
945.00
1000.00
1015.00
990.00
947.50
1012.50
1047.50
1010.00
965.00
1015.00
1017.50
1035.00
982.50
952.50
1017.50
1040.00
1012.50
990.00
1005.00
1045.00
1020.00
985.00
1017.50
1052.50
1062.50
1022.50
1017.50
1057.50
1062.50
1017.50
987.50
1012.50
1015.00
970.00
947.50
1002.50
1025.00
1007.50
962.50
1010.00
1045.00
1042.50
1002.50
997.50
1037.50
1032.50
975.00
962.50
1010.00
1005.00
1000.00
947.50
990.00
995.00
1002.50
942.50
937.50
975.00
1002.50
997.50
947.50
977.50
1005.00
1017.50
990.00
947.50
1005.00
1030.00
980.00
942.50
980.00
1005.00
1055.00
965.00
935.00
982.50
992.50
982.50
960.00
1020.00
1050.00
1067.50
1020.00
1027.50
1067.50
1080.00
1012.50
985.00
1037.50
1035.00
1015.00
967.50
1010.00
1040.00
1007.50
967.50
1005.00
1027.50
992.50
957.50
1012.50
1027.50
975.00
962.50
1022.50
1037.50
1005.00
970.00
995.00
1007.50
1002.50
950.00
925.00
992.50
987.50
992.50
970.00
967.50
995.00
1010.00
957.50
942.50
1027.50
1030.00
1025.00
972.50
965.00
1037.50
1032.50
1007.50
967.50
1010.00
1027.50
1010.00
957.50
975.00
1025.00
1030.00
982.50
965.00
1035.00
1037.50
990.00
955.00
1020.00
1035.00
1015.00
980.00
1025.00
1015.00
965.00
985.00
1007.50
1020.00
962.50
975.00
1030.00
1010.00
955.00
927.50
967.50
997.50
985.00
940.00
1005.00
1025.00
1002.50
952.50
962.50
1017.50
1040.00
972.50
935.00
977.50
1002.50
955.00
927.50
975.00
1035.00
1012.50
982.50
1070.00
1082.50
1047.50
1010.00
1080.00
1055.00
1007.50
997.50
1050.00
1052.50
1032.50
982.50
1027.50
1055.00
1025.00
995.00
1022.50
1050.00
1037.50
985.00
952.50
1002.50
1025.00
990.00
955.00
1000.00
1035.00
1025.00
972.50
970.00
1025.00
1027.50
985.00
957.50
995.00
1022.50
1032.50
970.00
990.00
1042.50
1027.50
967.50
960.00
1022.50
1040.00
1017.50
965.00
1000.00
1040.00
1037.50
985.00
945.00
985.00
1007.50
977.50
927.50
977.50
1007.50
1010.00
967.50
945.00
1000.00
1020.00
985.00
945.00
997.50
1007.50
962.50
955.00
1015.00
1022.50
985.00
955.00
1007.50
1022.50
1007.50
975.00
1022.50
1030.00
987.50
952.50
980.00
1007.50
997.50
942.50
957.50
1020.00
1045.00
995.00
970.00
1035.00
1035.00
1027.50
957.50
942.50
1015.00
1030.00
1005.00
967.50
1005.00
1025.00
1022.50
972.50
1017.50
1052.50
1022.50
980.00
1012.50
1045.00
985.00
960.00
1017.50
1015.00
972.50
962.50
1020.00
1037.50
995.00
950.00
1015.00
1015.00
1002.50
975.00
1055.00
1050.00
1015.00
967.50
970.00
1005.00
1017.50
965.00
925.00
1007.50
1022.50
970.00
945.00
1007.50
1017.50
990.00
957.50
1022.50
1042.50
997.50
967.50
1010.00
1047.50
1002.50
962.50
972.50
1000.00
995.00
957.50
995.00
1040.00
1032.50
967.50
955.00
1022.50
1025.00
995.00
960.00
980.00
990.00
980.00
935.00
927.50
982.50
980.00
935.00
910.00
940.00
980.00
1000.00
982.50
1015.00
987.50
950.00
1017.50
1040.00
1017.50
977.50
985.00
1037.50
1040.00
985.00
957.50
1010.00
1027.50
1005.00
952.50
992.50
1012.50
1010.00
957.50
965.00
995.00
1005.00
967.50
920.00
957.50
1000.00
