1165.00
1147.50
1190.00
1165.00
1057.50
1147.50
1135.00
1075.00
1145.00
1082.50
927.50
862.50
965.00
1262.50
1110.00
1255.00
1250.00
1127.50
1187.50
1190.00
1130.00
1170.00
1172.50
1130.00
1065.00
1112.50
1137.50
1037.50
1005.00
1010.00
1015.00
977.50
1142.50
1207.50
1077.50
1155.00
1200.00
1122.50
1077.50
1180.00
1147.50
1092.50
1137.50
1110.00
1062.50
1130.00
1157.50
1055.00
1115.00
1147.50
1077.50
912.50
872.50
872.50
970.00
975.00
1057.50
1245.00
1162.50
1082.50
1212.50
1237.50
1140.00
1235.00
1207.50
1082.50
1067.50
967.50
902.50
955.00
1115.00
1125.00
1117.50
1235.00
1210.00
1185.00
1275.00
1225.00
1122.50
1225.00
1180.00
1100.00
1182.50
1167.50
935.00
870.00
947.50
1120.00
1060.00
1305.00
1307.50
1182.50
1247.50
1242.50
1185.00
1252.50
1227.50
1125.00
1225.00
1180.00
1090.00
1170.00
1160.00
1092.50
1132.50
1170.00
1067.50
905.00
902.50
1112.50
1095.00
1005.00
1172.50
1205.00
1105.00
1182.50
1142.50
1040.00
1020.00
1150.00
1095.00
1032.50
1170.00
1122.50
1060.00
1147.50
1195.00
1110.00
1147.50
1207.50
1147.50
1097.50
1172.50
1157.50
1100.00
1162.50
1182.50
1080.00
1095.00
1080.00
925.00
852.50
905.00
1060.00
977.50
1172.50
1222.50
1117.50
1187.50
1257.50
1157.50
1125.00
1212.50
1165.00
1062.50
1157.50
1152.50
1120.00
1072.50
1167.50
1200.00
1100.00
1132.50
1167.50
1007.50
977.50
1035.00
1032.50
1222.50
1262.50
1122.50
1217.50
1187.50
1140.00
1222.50
1182.50
1085.00
1152.50
1117.50
1030.00
1137.50
1117.50
1070.00
995.00
1052.50
1035.00
987.50
1102.50
1135.00
1102.50
1200.00
1182.50
1095.00
1082.50
1202.50
1112.50
995.00
1077.50
1152.50
1030.00
885.00
890.00
997.50
1040.00
987.50
1187.50
1230.00
1105.00
1167.50
1142.50
1047.50
1027.50
1125.00
1030.00
1065.00
1062.50
1092.50
1117.50
1157.50
1122.50
1060.00
1185.00
1162.50
1050.00
910.00
902.50
1132.50
997.50
985.00
1210.00
1207.50
1095.00
1217.50
1232.50
1135.00
1175.00
1215.00
1187.50
1055.00
1155.00
1172.50
1092.50
1165.00
1195.00
1127.50
1037.50
1132.50
1160.00
1087.50
1110.00
1150.00
1072.50
987.50
1007.50
970.00
910.00
837.50
902.50
1192.50
1120.00
1010.00
1212.50
1160.00
1047.50
1120.00
1125.00
1060.00
1122.50
1212.50
1072.50
1127.50
1170.00
1167.50
1070.00
1142.50
1165.00
1047.50
1057.50
1152.50
1117.50
1052.50
1100.00
1120.00
1097.50
1050.00
1127.50
1135.00
1067.50
1095.00
1130.00
1070.00
1025.00
1130.00
1140.00
1030.00
992.50
965.00
870.00
810.00
832.50
1167.50
1062.50
1002.50
1165.00
1225.00
1062.50
1155.00
1197.50
1090.00
1175.00
1172.50
1052.50
1105.00
1145.00
1120.00
1060.00
1165.00
1122.50
1070.00
1140.00
1150.00
1055.00
975.00
1102.50
1105.00
1040.00
1017.50
1035.00
1000.00
927.50
907.50
1225.00
1172.50
1040.00
1190.00
1230.00
1120.00
1175.00
1262.50
1155.00
1175.00
1222.50
1190.00
1077.50
1152.50
1130.00
1080.00
1135.00
1147.50
1100.00
1060.00
1132.50
1127.50
1035.00
1077.50
1172.50
1117.50
1050.00
1097.50
1125.00
1077.50
965.00
940.00
945.00
882.50
877.50
1037.50
1130.00
1082.50
1152.50
1175.00
1085.00
1127.50
1170.00
1085.00
1032.50
1135.00
1127.50
1082.50
1122.50
1157.50
1127.50
1000.00
1050.00
1065.00
1025.00
1085.00
1157.50
1055.00
942.50
985.00
1010.00
972.50
1045.00
1185.00
1092.50
1070.00
1205.00
1185.00
1077.50
1162.50
1172.50
1062.50
1122.50
1165.00
1110.00
1005.00
1012.50
987.50
912.50
827.50
860.00
1110.00
1115.00
1007.50
1152.50
1160.00
1065.00
1112.50
1162.50
1080.00
955.00
942.50
1052.50
1032.50
1072.50
1207.50
1125.00
1152.50
1195.00
1120.00
1132.50
1162.50
1012.50
877.50
845.00
887.50
1075.00
1005.00
1145.00
1262.50
1167.50
1142.50
1255.00
1202.50
1177.50
1240.00
1222.50
1097.50
1187.50
1155.00
1055.00
1105.00
1152.50
1090.00
1067.50
1175.00
1090.00
975.00
1000.00
1115.00
1052.50
925.00
957.50
955.00
897.50
987.50
1202.50
1040.00
917.50
1005.00
1145.00
1047.50
1117.50
1157.50
1080.00
1022.50
1142.50
1160.00
1065.00
1137.50
1190.00
1095.00
1017.50
1062.50
1100.00
1012.50
1047.50
952.50
892.50
845.00
875.00
1027.50
1102.50
1035.00
1190.00
1182.50
1102.50
1175.00
1160.00
1045.00
1055.00
1130.00
1057.50
1002.50
990.00
935.00
887.50
880.00
992.50
1087.50
1027.50
1090.00
1125.00
1042.50
1107.50
1147.50
1060.00
892.50
867.50
865.00
840.00
805.00
855.00
1002.50
1050.00
1062.50
1182.50
1160.00
1115.00
1185.00
1122.50
1087.50
1157.50
1105.00
1040.00
1087.50
1080.00
1007.50
950.00
1020.00
1152.50
1110.00
1015.00
1102.50
1072.50
925.00
872.50
882.50
1025.00
1020.00
1190.00
1262.50
1147.50
1122.50
1240.00
1202.50
1110.00
1175.00
1165.00
1080.00
1195.00
1187.50
1107.50
1060.00
1127.50
1117.50
1047.50
1080.00
1147.50
1087.50
1007.50
1100.00
1157.50
1102.50
1015.00
1045.00
1115.00
1062.50
952.50
870.00
912.50
945.00
870.00
945.00
1222.50
1205.00
1085.00
1165.00
1202.50
1095.00
1180.00
1180.00
1090.00
1120.00
1152.50
1095.00
1022.50
1115.00
1157.50
1062.50
1020.00
1085.00
1102.50
1012.50
1080.00
1102.50
1050.00
952.50
1035.00
965.00
870.00
875.00
1092.50
1135.00
1015.00
1132.50
1157.50
1112.50
1052.50
1165.00
1185.00
1117.50
1072.50
1160.00
1162.50
1092.50
1015.00
1055.00
1120.00
1082.50
1002.50
1102.50
1022.50
885.00
842.50
840.00
970.00
997.50
1160.00
1232.50
1135.00
1225.00
1205.00
1140.00
1195.00
1177.50
1107.50
1145.00
1040.00
895.00
842.50
847.50
995.00
977.50
1012.50
1180.00
1082.50
1130.00
1177.50
1095.00
997.50
1112.50
1122.50
1060.00
1067.50
1107.50
1070.00
990.00
1080.00
1122.50
1007.50
897.50
870.00
900.00
885.00
922.50
1117.50
1175.00
1045.00
1075.00
1190.00
1115.00
1037.50
1145.00
1140.00
1055.00
1080.00
1142.50
1102.50
962.50
902.50
870.00
900.00
882.50
840.00
1037.50
1137.50
1065.00
1137.50
1217.50
1125.00
1015.00
1105.00
1205.00
1075.00
1092.50
1222.50
1165.00
1092.50
1170.00
1137.50
962.50
940.00
1065.00
1135.00
1027.50
1097.50
1132.50
1017.50
1100.00
1145.00
1077.50
1137.50
1157.50
1065.00
1092.50
1137.50
1032.50
982.50
910.00
887.50
887.50
890.00
1090.00
1097.50
982.50
1030.00
1167.50
1145.00
1062.50
1107.50
1147.50
1110.00
1032.50
1107.50
1135.00
1080.00
995.00
1085.00
1067.50
992.50
1030.00
957.50
907.50
867.50
977.50
1115.00
1047.50
1025.00
1115.00
1097.50
972.50
1040.00
1115.00
1052.50
997.50
1085.00
1085.00
1055.00
957.50
1095.00
1135.00
1050.00
987.50
1120.00
1067.50
920.00
907.50
1117.50
1120.00
1037.50
1122.50
1160.00
1095.00
1102.50
1152.50
1150.00
1072.50
1117.50
1155.00
1115.00
1045.00
1107.50
1150.00
1095.00
990.00
1092.50
1097.50
965.00
870.00
870.00
965.00
1015.00
985.00
1117.50
1212.50
1102.50
1205.00
1202.50
1090.00
1135.00
1172.50
1117.50
1000.00
1070.00
1122.50
1037.50
1022.50
1152.50
1105.00
1042.50
975.00
995.00
1025.00
982.50
1030.00
1205.00
1085.00
1027.50
