1080.00
1090.00
1187.50
1150.00
1062.50
1105.00
1145.00
1085.00
1110.00
1132.50
1112.50
1065.00
1150.00
1180.00
1107.50
1110.00
1097.50
1095.00
1047.50
1075.00
1095.00
1070.00
1025.00
1052.50
1105.00
1067.50
1017.50
1045.00
1087.50
1095.00
1060.00
1085.00
1105.00
1077.50
1082.50
1072.50
1045.00
1060.00
1115.00
1062.50
1065.00
1092.50
1112.50
1017.50
1035.00
1110.00
1097.50
1070.00
1135.00
1147.50
1082.50
1080.00
1100.00
1067.50
1047.50
1087.50
1092.50
1052.50
1082.50
1107.50
1117.50
1055.00
1067.50
1092.50
1052.50
1040.00
1080.00
1107.50
1030.00
1035.00
1100.00
1032.50
1087.50
1132.50
1097.50
1075.00
1115.00
1090.00
1047.50
1055.00
1120.00
1087.50
1097.50
1145.00
1117.50
1045.00
1060.00
1065.00
1095.00
1057.50
1050.00
1060.00
1052.50
1012.50
992.50
1030.00
1067.50
1020.00
1012.50
1015.00
995.00
970.00
950.00
1030.00
1072.50
1027.50
1035.00
1065.00
1072.50
1025.00
1055.00
1092.50
1065.00
1045.00
1082.50
1110.00
1042.50
1012.50
1065.00
1032.50
1005.00
985.00
1027.50
1052.50
1035.00
1070.00
1130.00
1085.00
1040.00
1087.50
1117.50
1052.50
1050.00
1097.50
1077.50
1022.50
1047.50
1080.00
1092.50
1057.50
1105.00
1085.00
1037.50
1047.50
1057.50
1010.00
1012.50
1037.50
1050.00
1010.00
1042.50
1077.50
1102.50
1052.50
1072.50
1112.50
1055.00
1062.50
1102.50
1115.00
1057.50
1040.00
1102.50
1120.00
1092.50
1120.00
1145.00
1070.00
1042.50
1045.00
1052.50
1020.00
1060.00
1087.50
1122.50
1072.50
1115.00
1135.00
1087.50
1052.50
1085.00
1102.50
1070.00
1062.50
1087.50
1085.00
1055.00
1107.50
1160.00
1082.50
1072.50
1112.50
1120.00
1075.00
1095.00
1125.00
1082.50
1075.00
1122.50
1137.50
1080.00
1042.50
1082.50
1085.00
1055.00
1022.50
1035.00
1070.00
1025.00
1050.00
1080.00
1090.00
1015.00
1047.50
1095.00
1050.00
1022.50
1017.50
1027.50
995.00
1012.50
1020.00
1042.50
1010.00
1097.50
1175.00
1122.50
1190.00
1167.50
1175.00
1102.50
1127.50
1180.00
1110.00
1067.50
1122.50
1102.50
1042.50
997.50
1020.00
1027.50
1047.50
1087.50
1070.00
1020.00
1040.00
1080.00
1045.00
1080.00
1105.00
1102.50
1062.50
1065.00
1085.00
1052.50
1000.00
1070.00
1110.00
1085.00
1085.00
1075.00
1100.00
1052.50
1072.50
1082.50
1037.50
1025.00
1112.50
1042.50
1002.50
1015.00
1077.50
1045.00
1100.00
1132.50
1122.50
1067.50
1087.50
1120.00
1060.00
1040.00
1080.00
1105.00
1035.00
1102.50
1177.50
1122.50
1097.50
1147.50
1147.50
1080.00
1120.00
1145.00
1100.00
1052.50
1115.00
1125.00
1050.00
1087.50
1092.50
1080.00
1055.00
1062.50
1100.00
1037.50
1027.50
1022.50
1060.00
1057.50
1110.00
1097.50
1060.00
1085.00
1107.50
1050.00
1057.50
1080.00
1117.50
1050.00
1052.50
1112.50
1077.50
1080.00
1090.00
1070.00
1050.00
1057.50
1105.00
1057.50
1050.00
1067.50
1035.00
1002.50
1005.00
1015.00
992.50
962.50
952.50
987.50
1002.50
1007.50
1085.00
1117.50
1067.50
1072.50
1117.50
1095.00
1027.50
1035.00
1092.50
1062.50
990.00
1000.00
1035.00
1067.50
1050.00
1092.50
1122.50
1080.00
1087.50
1120.00
1090.00
1060.00
1095.00
1095.00
1040.00
1030.00
1062.50
1047.50
1010.00
1017.50
1045.00
1065.00
1025.00
1012.50
1042.50
1045.00
1020.00
1000.00
1045.00
1015.00
1022.50
1042.50
1062.50
1032.50
992.50
1015.00
1022.50
1007.50
1040.00
1080.00
1052.50
1000.00
1037.50
1087.50
1035.00
1057.50
1055.00
1067.50
1037.50
1052.50
1072.50
1070.00
1097.50
1052.50
1007.50
997.50
1032.50
1117.50
1090.00
1095.00
1172.50
1147.50
1050.00
1065.00
1085.00
1075.00
1050.00
1107.50
1105.00
1085.00
1082.50
1085.00
1082.50
1020.00
1032.50
1085.00
1117.50
1065.00
992.50
1052.50
1102.50
1075.00
1080.00
1122.50
1115.00
1100.00
1115.00
1115.00
997.50
1040.00
1082.50
1062.50
1040.00
1085.00
1117.50
1072.50
1065.00
1100.00
1060.00
1010.00
1045.00
1112.50
1070.00
1017.50
1067.50
1082.50
1052.50
1045.00
1065.00
1105.00
1057.50
1040.00
1085.00
1060.00
1050.00
1065.00
1072.50
1010.00
1025.00
1045.00
1025.00
1005.00
1035.00
1062.50
1040.00
1050.00
1075.00
1027.50
997.50
1027.50
1082.50
1037.50
1010.00
1065.00
1175.00
1097.50
1102.50
1142.50
1102.50
1055.00
1090.00
1112.50
1050.00
1075.00
1107.50
1100.00
1055.00
1065.00
1100.00
1072.50
1052.50
1055.00
1055.00
1030.00
1057.50
1135.00
1130.00
1177.50
1220.00
1135.00
1152.50
1155.00
1122.50
1062.50
1072.50
1095.00
1097.50
1042.50
1082.50
1105.00
1082.50
1025.00
1047.50
1132.50
1107.50
1010.00
1057.50
1100.00
1087.50
1062.50
1072.50
1075.00
1025.00
1005.00
1065.00
1077.50
1067.50
1072.50
1072.50
1095.00
1030.00
1040.00
1075.00
1037.50
1015.00
1042.50
1125.00
1095.00
1070.00
1092.50
1137.50
1055.00
1025.00
1085.00
1092.50
1075.00
1077.50
1087.50
1092.50
1057.50
1085.00
1150.00
1070.00
1017.50
1040.00
1085.00
1070.00
1055.00
1105.00
1115.00
1060.00
1022.50
1032.50
1080.00
1062.50
1012.50
1055.00
1082.50
1022.50
1067.50
1107.50
1072.50
1097.50
1107.50
1120.00
1080.00
1107.50
1135.00
1072.50
1027.50
1065.00
1082.50
1060.00
1052.50
1080.00
1090.00
1045.00
1047.50
1100.00
1110.00
1037.50
1052.50
1085.00
1117.50
1060.00
1035.00
1047.50
1045.00
1000.00
997.50
1052.50
1085.00
997.50
992.50
1000.00
1087.50
1032.50
1082.50
1122.50
1105.00
1112.50
1150.00
1200.00
1135.00
1160.00
1177.50
1095.00
1055.00
1080.00
1072.50
1025.00
1070.00
1112.50
1090.00
1097.50
1135.00
1125.00
1027.50
1010.00
1020.00
1017.50
977.50
982.50
1067.50
1082.50
1052.50
1062.50
1075.00
1077.50
1052.50
1065.00
1082.50
1037.50
987.50
1055.00
1105.00
1067.50
1015.00
1035.00
1060.00
1032.50
1020.00
1042.50
1055.00
1047.50
1025.00
1062.50
1085.00
1005.00
1010.00
1030.00
1007.50
970.00
1040.00
1097.50
1087.50
1070.00
1135.00
1077.50
1025.00
1015.00
1050.00
1062.50
980.00
1007.50
1050.00
1030.00
1050.00
1122.50
1172.50
1122.50
1020.00
1015.00
1075.00
1070.00
1075.00
1190.00
1220.00
1130.00
1175.00
1215.00
1162.50
1177.50
1212.50
1122.50
1112.50
1115.00
1045.00
1042.50
1090.00
1092.50
1062.50
1072.50
1090.00
1072.50
1047.50
1060.00
1097.50
1060.00
1037.50
1052.50
1075.00
1050.00
1062.50
1115.00
1055.00
1060.00
1080.00
1070.00
1012.50
1015.00
1040.00
1037.50
1025.00
1097.50
1120.00
1062.50
1080.00
1095.00
1090.00
1042.50
1075.00
1082.50
1062.50
1030.00
1055.00
1065.00
1030.00
1020.00
1062.50
1070.00
1027.50
1037.50
1042.50
1062.50
997.50
982.50
1010.00
1025.00
992.50
1020.00
1032.50
1055.00
1042.50
1067.50
1075.00
1030.00
1035.00
1020.00
1025.00
1002.50
1030.00
1022.50
1017.50
1062.50
1125.00
1120.00
1135.00
1190.00
1157.50
1100.00
1182.50
1197.50
1097.50
1100.00
1100.00
1080.00
1025.00
1025.00
1077.50
1057.50
1050.00
1065.00
1042.50
995.00
1027.50
1035.00
1037.50
1015.00
1027.50
1050.00
1022.50
962.50
1002.50
1080.00
1015.00
1027.50
1067.50
1090.00
1030.00
1062.50
1125.00
1080.00
1047.50
1090.00
1062.50
1022.50
1000.00
1020.00
1045.00
1025.00
1012.50
1005.00
1022.50
1005.00
1047.50
1087.50
1040.00
1060.00
1117.50
1102.50
1017.50
995.00
1032.50
1052.50
1057.50
1090.00
1160.00
1162.50
1090.00
