1400.00
1285.00
1127.50
1385.00
1397.50
1280.00
1482.50
1410.00
1272.50
1417.50
1412.50
1327.50
1307.50
1377.50
1312.50
1260.00
1375.00
1380.00
1317.50
1182.50
1355.00
1412.50
1327.50
1327.50
1395.00
1367.50
1295.00
1455.00
1437.50
1292.50
1410.00
1412.50
1315.00
1387.50
1442.50
1382.50
1212.50
1372.50
1385.00
1365.00
1232.50
1407.50
1402.50
1310.00
1362.50
1405.00
1320.00
1297.50
1420.00
1445.00
1245.00
1387.50
1425.00
1345.00
1330.00
1380.00
1392.50
1277.50
1327.50
1397.50
1357.50
1245.00
1372.50
1350.00
1257.50
1365.00
1390.00
1320.00
1235.00
1400.00
1382.50
1292.50
1315.00
1397.50
1355.00
1237.50
1360.00
1350.00
1327.50
1212.50
1407.50
1362.50
1262.50
1340.00
1355.00
1300.00
1272.50
1370.00
1342.50
1215.00
1370.00
1382.50
1302.50
1205.00
1375.00
1365.00
1285.00
1457.50
1487.50
1402.50
1342.50
1457.50
1430.00
1305.00
1222.50
1392.50
1365.00
1297.50
1435.00
1382.50
1237.50
1395.00
1410.00
1337.50
1307.50
1387.50
1360.00
1275.00
1417.50
1415.00
1315.00
1360.00
1442.50
1375.00
1275.00
1377.50
1390.00
1355.00
1292.50
1397.50
1422.50
1330.00
1325.00
1445.00
1402.50
1292.50
1420.00
1425.00
1340.00
1305.00
1437.50
1402.50
1232.50
1377.50
1420.00
1340.00
1230.00
1340.00
1357.50
1252.50
1367.50
1455.00
1322.50
1300.00
1422.50
1415.00
1332.50
1320.00
1422.50
1395.00
1265.00
1400.00
1395.00
1350.00
1270.00
1410.00
1365.00
1255.00
1405.00
1405.00
1295.00
1257.50
1412.50
1322.50
1260.00
1417.50
1447.50
1330.00
1305.00
1417.50
1377.50
1247.50
1370.00
1412.50
1265.00
1312.50
1412.50
1385.00
1277.50
1340.00
1425.00
1335.00
1270.00
1402.50
1412.50
1340.00
1335.00
1422.50
1370.00
1235.00
1355.00
1422.50
1330.00
1302.50
1440.00
1417.50
1272.50
1427.50
1457.50
1340.00
1285.00
1412.50
1335.00
1265.00
1397.50
1400.00
1370.00
1252.50
1447.50
1422.50
1307.50
1277.50
1410.00
1382.50
1320.00
1350.00
1397.50
1365.00
1267.50
1437.50
1450.00
1315.00
1412.50
1445.00
1345.00
1250.00
1417.50
1420.00
1297.50
1295.00
1422.50
1317.50
1305.00
1512.50
1430.00
1307.50
1455.00
1447.50
1347.50
1372.50
1430.00
1365.00
1267.50
1400.00
1367.50
1315.00
1347.50
1420.00
1362.50
1267.50
1397.50
1397.50
1335.00
1297.50
1425.00
1375.00
1230.00
1415.00
1445.00
1332.50
1315.00
1417.50
1382.50
1277.50
1350.00
1440.00
1360.00
1287.50
1445.00
1395.00
1275.00
1362.50
1395.00
1365.00
1240.00
1360.00
1385.00
1342.50
1240.00
1405.00
1440.00
1365.00
1260.00
1425.00
1437.50
1385.00
1385.00
1495.00
1417.50
1287.50
1422.50
1465.00
1360.00
1242.50
1402.50
1402.50
1307.50
1257.50
1375.00
1332.50
1175.00
1327.50
1412.50
1307.50
1282.50
1467.50
1392.50
1282.50
1430.00
1440.00
1325.00
1377.50
1392.50
1380.00
1262.50
1330.00
1477.50
1420.00
1350.00
1522.50
1487.50
1390.00
1357.50
1457.50
1382.50
1317.50
1465.00
1440.00
1322.50
1440.00
1452.50
1350.00
1337.50
1435.00
1375.00
1300.00
1387.50
1377.50
1342.50
1242.50
1415.00
1400.00
1365.00
1252.50
1402.50
1400.00
1307.50
1295.00
1415.00
1377.50
1285.00
1342.50
1422.50
1352.50
1185.00
1360.00
1427.50
1310.00
1167.50
1397.50
1385.00
1347.50
1240.00
1422.50
1402.50
1355.00
1287.50
1450.00
1455.00
1320.00
1227.50
1410.00
1435.00
1287.50
1365.00
1472.50
1387.50
1277.50
1397.50
1432.50
1322.50
1305.00
1437.50
1422.50
1312.50
1190.00
1380.00
1417.50
1305.00
1290.00
1407.50
1342.50
1252.50
1367.50
1407.50
1260.00
1427.50
1455.00
1390.00
1270.00
1462.50
1402.50
1277.50
1407.50
1392.50
1327.50
1195.00
1382.50
1400.00
1285.00
1442.50
1470.00
1367.50
1240.00
1435.00
1390.00
1270.00
1387.50
1377.50
1302.50
1277.50
1407.50
1382.50
1297.50
1377.50
1470.00
1410.00
1275.00
1397.50
1370.00
1305.00
1305.00
1427.50
1317.50
1167.50
1362.50
1390.00
1340.00
1150.00
1432.50
1452.50
1277.50
1425.00
1445.00
1342.50
1370.00
1480.00
1407.50
1262.50
1397.50
1415.00
1342.50
1275.00
1460.00
1412.50
1370.00
1255.00
1437.50
1402.50
1370.00
1312.50
1420.00
1380.00
1257.50
1405.00
1430.00
1305.00
1257.50
1407.50
1365.00
1277.50
1517.50
1485.00
1322.50
1280.00
1470.00
1415.00
1327.50
1515.00
1407.50
1310.00
1405.00
1480.00
1382.50
1280.00
1417.50
1435.00
1375.00
1302.50
1440.00
1460.00
1362.50
1315.00
1455.00
1425.00
1297.50
1430.00
1420.00
1302.50
1390.00
1445.00
1390.00
1250.00
1407.50
1397.50
1257.50
1410.00
1442.50
1345.00
1285.00
1382.50
1385.00
1232.50
1327.50
1395.00
1277.50
1357.50
1427.50
1365.00
1290.00
1440.00
1432.50
1355.00
1242.50
1412.50
1460.00
1372.50
1265.00
1422.50
1450.00
1355.00
1255.00
1427.50
1447.50
1340.00
1340.00
1427.50
1385.00
1270.00
1410.00
1382.50
1272.50
1300.00
1335.00
1287.50
1220.00
1365.00
1397.50
1355.00
1255.00
1400.00
1420.00
1315.00
1287.50
1347.50
1365.00
1275.00
1340.00
1405.00
1320.00
1220.00
1432.50
1412.50
1305.00
1372.50
1400.00
1400.00
1252.50
1440.00
1487.50
1352.50
1402.50
1450.00
1405.00
1182.50
1402.50
1427.50
1265.00
1177.50
1340.00
1390.00
1330.00
1250.00
1430.00
1412.50
1335.00
1320.00
1417.50
1362.50
1237.50
1385.00
1402.50
1325.00
1217.50
1385.00
1370.00
1342.50
1212.50
1452.50
1432.50
1390.00
1332.50
1480.00
1437.50
1310.00
1385.00
1425.00
1382.50
1250.00
1445.00
1437.50
1337.50
1357.50
1425.00
1367.50
1277.50
1402.50
1425.00
1332.50
1272.50
1420.00
1430.00
1347.50
1320.00
1425.00
1395.00
1292.50
1312.50
1387.50
1387.50
1292.50
1477.50
1517.50
1355.00
1402.50
1472.50
1377.50
1285.00
1422.50
1360.00
1252.50
1340.00
1367.50
1327.50
1232.50
1402.50
1412.50
1320.00
1265.00
1412.50
1390.00
