1002.50
950.00
910.00
940.00
960.00
982.50
942.50
902.50
962.50
1032.50
970.00
892.50
865.00
902.50
950.00
930.00
882.50
905.00
950.00
920.00
897.50
942.50
962.50
962.50
902.50
892.50
942.50
957.50
945.00
900.00
990.00
1062.50
1057.50
972.50
980.00
1025.00
992.50
955.00
1000.00
1025.00
1010.00
952.50
972.50
997.50
1002.50
975.00
917.50
947.50
977.50
992.50
975.00
887.50
912.50
945.00
970.00
912.50
935.00
1050.00
1027.50
975.00
920.00
962.50
982.50
972.50
907.50
907.50
960.00
960.00
935.00
920.00
997.50
985.00
980.00
895.00
872.50
920.00
1007.50
1000.00
907.50
925.00
1035.00
1045.00
965.00
930.00
1002.50
1042.50
962.50
892.50
935.00
982.50
947.50
927.50
1010.00
1022.50
967.50
927.50
967.50
1015.00
952.50
927.50
945.00
1097.50
1067.50
1000.00
945.00
985.00
990.00
995.00
940.00
932.50
1052.50
1035.00
1012.50
955.00
977.50
1020.00
995.00
952.50
967.50
985.00
987.50
937.50
957.50
1020.00
1030.00
990.00
927.50
967.50
962.50
915.00
910.00
1010.00
1060.00
1045.00
1002.50
1062.50
1067.50
1082.50
1037.50
977.50
992.50
1022.50
1045.00
990.00
982.50
1025.00
1055.00
1010.00
980.00
1022.50
1030.00
1002.50
960.00
920.00
1002.50
1027.50
1020.00
972.50
1027.50
1077.50
1060.00
1002.50
1020.00
1040.00
1020.00
955.00
935.00
975.00
1017.50
992.50
960.00
1002.50
1012.50
967.50
965.00
977.50
980.00
980.00
932.50
965.00
997.50
990.00
932.50
937.50
980.00
995.00
947.50
960.00
1040.00
1090.00
1010.00
977.50
1002.50
1025.00
975.00
922.50
997.50
1017.50
1022.50
965.00
1027.50
1057.50
1047.50
965.00
982.50
990.00
970.00
965.00
1005.00
1050.00
995.00
982.50
1002.50
1025.00
977.50
957.50
1017.50
1027.50
997.50
980.00
1012.50
1032.50
987.50
972.50
1005.00
1010.00
997.50
940.00
940.00
985.00
1015.00
972.50
937.50
1002.50
1060.00
957.50
937.50
955.00
1002.50
1000.00
937.50
940.00
982.50
985.00
970.00
907.50
930.00
1022.50
977.50
920.00
922.50
982.50
1015.00
957.50
942.50
1032.50
1037.50
1022.50
945.00
1000.00
1055.00
1057.50
982.50
957.50
1025.00
1002.50
942.50
992.50
997.50
1007.50
935.00
945.00
997.50
1010.00
947.50
910.00
932.50
992.50
985.00
912.50
897.50
972.50
1020.00
997.50
987.50
1002.50
1082.50
1025.00
992.50
957.50
1042.50
1015.00
1002.50
955.00
990.00
1025.00
1032.50
987.50
967.50
987.50
1012.50
985.00
932.50
925.00
1015.00
1012.50
985.00
930.00
1005.00
1022.50
995.00
937.50
935.00
1002.50
1002.50
925.00
957.50
1017.50
1022.50
947.50
920.00
967.50
1045.00
1000.00
957.50
955.00
1067.50
1067.50
1040.00
977.50
1030.00
1027.50
1000.00
952.50
982.50
1015.00
997.50
987.50
922.50
985.00
1005.00
940.00
922.50
972.50
960.00
920.00
935.00
1030.00
987.50
942.50
917.50
1002.50
1040.00
970.00
967.50
975.00
997.50
1045.00
975.00
945.00
1047.50
1082.50
1030.00
970.00
960.00
1000.00
1055.00
1025.00
940.00
1070.00
1027.50
977.50
940.00
1010.00
1017.50
990.00
900.00
910.00
955.00
1000.00
942.50
912.50
972.50
980.00
957.50
897.50
960.00
992.50
930.00
907.50
1010.00
1037.50
1040.00
935.00
992.50
1077.50
1022.50
995.00
932.50
982.50
1062.50
1032.50
982.50
987.50
1075.00
1047.50
1005.00
967.50
1017.50
1005.00
987.50
972.50
997.50
1020.00
977.50
917.50
952.50
972.50
952.50
937.50
985.00
1022.50
990.00
950.00
987.50
1075.00
1037.50
975.00
987.50
1027.50
1030.00
977.50
960.00
922.50
1030.00
1037.50
1030.00
950.00
957.50
1015.00
1050.00
977.50
935.00
982.50
1015.00
972.50
950.00
1052.50
1047.50
992.50
915.00
907.50
985.00
1010.00
960.00
952.50
1072.50
1057.50
1000.00
975.00
1007.50
1005.00
1002.50
985.00
977.50
997.50
1032.50
992.50
1002.50
1052.50
1050.00
1005.00
1005.00
1035.00
1037.50
1005.00
967.50
1010.00
1025.00
1025.00
977.50
935.00
945.00
952.50
960.00
947.50
922.50
992.50
1020.00
950.00
937.50
995.00
1052.50
992.50
930.00
947.50
1012.50
1045.00
940.00
912.50
985.00
1015.00
967.50
970.00
1120.00
1097.50
1057.50
1000.00
1032.50
1052.50
1022.50
972.50
1020.00
1025.00
1007.50
960.00
1020.00
1037.50
1045.00
982.50
985.00
1010.00
1015.00
970.00
1017.50
1002.50
940.00
922.50
987.50
1015.00
982.50
930.00
1042.50
1057.50
1005.00
955.00
1005.00
1067.50
1050.00
1000.00
987.50
1020.00
1035.00
992.50
942.50
972.50
982.50
960.00
970.00
1012.50
1010.00
970.00
967.50
1007.50
1027.50
995.00
970.00
995.00
1017.50
992.50
955.00
1005.00
1020.00
1022.50
967.50
932.50
975.00
1010.00
965.00
927.50
960.00
1020.00
997.50
940.00
950.00
1060.00
1037.50
995.00
960.00
960.00
1022.50
1000.00
955.00
995.00
1082.50
1105.00
1040.00
1012.50
1045.00
1052.50
995.00
980.00
1032.50
1030.00
987.50
970.00
1020.00
1025.00
1012.50
952.50
977.50
990.00
987.50
965.00
950.00
1015.00
1022.50
1042.50
990.00
975.00
1022.50
1017.50
967.50
937.50
1067.50
1032.50
1005.00
970.00
990.00
1017.50
985.00
935.00
972.50
1015.00
1007.50
947.50
940.00
1030.00
1042.50
1017.50
965.00
1000.00
1005.00
982.50
945.00
1010.00
1027.50
1010.00
950.00
965.00
990.00
1062.50
995.00
1007.50
1045.00
1057.50
1030.00
1002.50
1030.00
1037.50
1025.00
962.50
945.00
957.50
1020.00
997.50
970.00
1022.50
1030.00
1007.50
955.00
962.50
1005.00
1032.50
950.00
957.50
1025.00
1015.00
997.50
970.00
992.50
1035.00
1000.00
952.50
917.50
982.50
1030.00
990.00
977.50
1037.50
1060.00
1045.00
982.50
982.50
1002.50
1022.50
982.50
950.00
992.50
1007.50
1015.00
967.50
987.50
1015.00
1000.00
970.00
997.50
1020.00
1002.50
955.00
1007.50
1055.00
1050.00
1002.50
950.00
1040.00
1057.50
997.50
957.50
1007.50
1042.50
1037.50
987.50
972.50
1015.00
1010.00
1002.50
922.50
950.00
1055.00
1042.50
1022.50
995.00
1042.50
1042.50
1035.00
967.50
940.00
960.00
977.50
995.00
930.00
945.00
1075.00
1045.00
972.50
967.50
1055.00
1065.00
1002.50
995.00
1000.00
1012.50
1000.00
955.00
1030.00
1060.00
1080.00
1015.00
970.00
997.50
1010.00
1010.00
955.00
957.50
1035.00
1020.00
997.50
972.50
1060.00
1062.50
1037.50
985.00
1000.00
1022.50
1002.50
960.00
995.00
1020.00
992.50
935.00
1032.50
1052.50
1022.50
982.50
992.50
985.00
980.00
930.00
965.00
1072.50
1022.50
967.50
930.00
1037.50
1022.50
1037.50
965.00
992.50
1062.50
1030.00
1000.00
940.00
982.50
1017.50
970.00
972.50
1020.00
1050.00
1000.00
992.50
1010.00
1010.00
972.50
972.50
1015.00
1037.50
1002.50
975.00
1015.00
1020.00
987.50
942.50
960.00
980.00
962.50
925.00
1002.50
1062.50
1035.00
987.50
955.00
995.00
1015.00
952.50
925.00
1015.00
1062.50
990.00
982.50
1060.00
1075.00
1035.00
1032.50
1100.00
1107.50
1042.50
1002.50
1027.50
1052.50
1037.50
1002.50
1072.50
1057.50
1010.00
1010.00
1050.00
1055.00
1012.50
937.50
950.00
982.50
990.00
965.00
1080.00
1072.50
1045.00
1007.50
1035.00
1047.50
1020.00
970.00
1002.50
1027.50
1025.00
1015.00
965.00
1002.50
1047.50
1027.50
990.00
982.50
1005.00
1032.50
982.50
965.00
977.50
1015.00
1000.00
952.50
1042.50
1045.00
1037.50
975.00
962.50
1000.00
1030.00
1002.50
982.50
1035.00
1065.00
1050.00
1000.00
1002.50
1022.50
1040.00
1002.50
982.50
1025.00
1037.50
1025.00
987.50
1030.00
1047.50
1040.00
985.00
