952.50
962.50
965.00
920.00
912.50
957.50
975.00
942.50
917.50
965.00
965.00
932.50
902.50
937.50
960.00
965.00
955.00
937.50
990.00
1010.00
985.00
932.50
972.50
972.50
952.50
912.50
952.50
970.00
955.00
925.00
965.00
960.00
905.00
850.00
865.00
947.50
932.50
885.00
877.50
952.50
967.50
902.50
875.00
962.50
952.50
897.50
862.50
935.00
947.50
945.00
855.00
845.00
910.00
977.50
955.00
940.00
1017.50
1097.50
1022.50
955.00
912.50
925.00
922.50
890.00
877.50
967.50
985.00
945.00
895.00
922.50
970.00
922.50
880.00
917.50
960.00
972.50
922.50
900.00
957.50
1000.00
947.50
905.00
952.50
975.00
987.50
935.00
907.50
960.00
955.00
915.00
885.00
912.50
927.50
937.50
900.00
870.00
907.50
902.50
910.00
900.00
867.50
950.00
977.50
937.50
892.50
967.50
982.50
972.50
905.00
882.50
1010.00
1017.50
952.50
920.00
1002.50
990.00
937.50
907.50
932.50
952.50
925.00
887.50
887.50
935.00
957.50
942.50
865.00
887.50
987.50
985.00
920.00
922.50
977.50
982.50
900.00
850.00
912.50
945.00
880.00
865.00
922.50
952.50
972.50
920.00
875.00
937.50
935.00
902.50
867.50
932.50
955.00
925.00
865.00
850.00
930.00
970.00
897.50
845.00
907.50
922.50
870.00
850.00
900.00
972.50
972.50
900.00
875.00
982.50
930.00
907.50
882.50
915.00
942.50
967.50
922.50
992.50
1012.50
987.50
930.00
902.50
940.00
965.00
935.00
897.50
887.50
930.00
980.00
925.00
890.00
927.50
920.00
897.50
875.00
957.50
1002.50
967.50
927.50
920.00
955.00
962.50
910.00
870.00
925.00
970.00
910.00
860.00
880.00
942.50
905.00
867.50
882.50
952.50
937.50
910.00
937.50
977.50
950.00
900.00
935.00
960.00
945.00
880.00
880.00
925.00
980.00
915.00
865.00
900.00
940.00
982.50
900.00
880.00
952.50
945.00
890.00
852.50
892.50
975.00
932.50
912.50
987.50
995.00
955.00
912.50
932.50
942.50
942.50
907.50
900.00
932.50
960.00
907.50
897.50
967.50
985.00
905.00
880.00
912.50
980.00
965.00
905.00
867.50
952.50
975.00
950.00
897.50
930.00
942.50
942.50
897.50
892.50
967.50
977.50
917.50
870.00
912.50
947.50
890.00
852.50
905.00
932.50
932.50
880.00
855.00
922.50
1015.00
925.00
910.00
987.50
992.50
950.00
897.50
945.00
995.00
947.50
887.50
882.50
965.00
962.50
897.50
892.50
965.00
967.50
942.50
872.50
857.50
897.50
995.00
967.50
932.50
1000.00
1017.50
937.50
900.00
932.50
945.00
955.00
905.00
885.00
945.00
980.00
937.50
900.00
917.50
970.00
950.00
902.50
895.00
955.00
947.50
875.00
860.00
927.50
925.00
897.50
872.50
917.50
932.50
902.50
852.50
892.50
997.50
952.50
895.00
920.00
952.50
955.00
910.00
862.50
905.00
977.50
972.50
922.50
957.50
987.50
972.50
912.50
922.50
975.00
965.00
875.00
862.50
887.50
955.00
935.00
870.00
922.50
905.00
905.00
890.00
1017.50
1072.50
1027.50
970.00
985.00
1015.00
980.00
917.50
905.00
925.00
965.00
912.50
865.00
910.00
1032.50
990.00
940.00
915.00
972.50
1000.00
932.50
907.50
962.50
947.50
925.00
892.50
930.00
967.50
945.00
895.00
887.50
917.50
952.50
882.50
865.00
880.00
937.50
930.00
885.00
865.00
935.00
952.50
952.50
910.00
905.00
972.50
927.50
865.00
835.00
885.00
915.00
902.50
882.50
930.00
1017.50
1007.50
945.00
912.50
952.50
965.00
927.50
875.00
922.50
992.50
952.50
960.00
947.50
950.00
902.50
887.50
975.00
987.50
960.00
890.00
922.50
967.50
932.50
905.00
945.00
975.00
970.00
892.50
907.50
942.50
980.00
887.50
867.50
977.50
982.50
947.50
915.00
932.50
975.00
947.50
945.00
1000.00
1002.50
940.00
902.50
922.50
925.00
970.00
910.00
867.50
917.50
990.00
955.00
922.50
967.50
980.00
925.00
905.00
935.00
977.50
980.00
910.00
897.50
987.50
977.50
920.00
862.50
895.00
932.50
945.00
900.00
882.50
967.50
982.50
895.00
842.50
862.50
895.00
922.50
887.50
907.50
1015.00
1012.50
935.00
892.50
942.50
952.50
922.50
865.00
890.00
905.00
920.00
870.00
855.00
912.50
975.00
937.50
902.50
907.50
927.50
932.50
940.00
852.50
890.00
940.00
980.00
975.00
1000.00
1082.50
1027.50
955.00
947.50
975.00
962.50
897.50
892.50
965.00
970.00
902.50
872.50
905.00
955.00
900.00
870.00
890.00
927.50
980.00
915.00
922.50
985.00
1010.00
957.50
930.00
940.00
965.00
925.00
862.50
937.50
995.00
972.50
927.50
912.50
945.00
952.50
882.50
872.50
980.00
982.50
947.50
890.00
890.00
977.50
965.00
942.50
907.50
960.00
1017.50
992.50
942.50
917.50
960.00
982.50
922.50
890.00
940.00
980.00
955.00
917.50
930.00
947.50
935.00
867.50
852.50
922.50
1007.50
925.00
895.00
927.50
960.00
915.00
887.50
915.00
1000.00
955.00
927.50
885.00
932.50
965.00
917.50
932.50
945.00
960.00
960.00
947.50
1015.00
1027.50
977.50
942.50
985.00
990.00
952.50
910.00
920.00
995.00
1007.50
957.50
880.00
880.00
925.00
970.00
935.00
977.50
1022.50
1020.00
960.00
925.00
960.00
967.50
920.00
882.50
945.00
982.50
907.50
867.50
905.00
940.00
947.50
907.50
907.50
990.00
1000.00
930.00
875.00
902.50
940.00
910.00
885.00
917.50
1000.00
987.50
942.50
945.00
1002.50
990.00
955.00
890.00
952.50
1005.00
980.00
937.50
920.00
985.00
1007.50
920.00
890.00
1000.00
995.00
947.50
910.00
942.50
942.50
940.00
885.00
907.50
962.50
982.50
895.00
865.00
932.50
977.50
910.00
897.50
942.50
977.50
917.50
875.00
935.00
960.00
930.00
880.00
920.00
965.00
965.00
892.50
862.50
917.50
1020.00
957.50
892.50
925.00
987.50
962.50
890.00
885.00
915.00
997.50
950.00
900.00
930.00
972.50
932.50
880.00
917.50
1037.50
967.50
882.50
885.00
905.00
962.50
922.50
890.00
1025.00
1035.00
992.50
942.50
940.00
955.00
947.50
907.50
892.50
965.00
975.00
922.50
862.50
910.00
1010.00
907.50
865.00
877.50
922.50
980.00
907.50
880.00
955.00
1045.00
962.50
937.50
997.50
985.00
930.00
890.00
897.50
940.00
955.00
900.00
895.00
962.50
995.00
932.50
895.00
927.50
995.00
937.50
887.50
882.50
975.00
985.00
897.50
850.00
917.50
992.50
945.00
897.50
915.00
967.50
917.50
877.50
912.50
947.50
995.00
930.00
870.00
912.50
965.00
915.00
887.50
957.50
990.00
920.00
900.00
950.00
957.50
907.50
870.00
945.00
992.50
937.50
885.00
880.00
920.00
920.00
870.00
897.50
965.00
965.00
892.50
870.00
925.00
982.50
957.50
877.50
890.00
977.50
1007.50
940.00
937.50
922.50
935.00
875.00
857.50
895.00
920.00
987.50
942.50
915.00
995.00
1060.00
1000.00
957.50
1042.50
1035.00
970.00
927.50
967.50
977.50
945.00
892.50
942.50
970.00
947.50
910.00
895.00
942.50
960.00
882.50
837.50
965.00
967.50
955.00
927.50
950.00
977.50
977.50
915.00
915.00
937.50
972.50
892.50
862.50
932.50
1000.00
932.50
860.00
900.00
955.00
930.00
880.00
900.00
967.50
982.50
925.00
900.00
940.00
975.00
917.50
877.50
940.00
972.50
925.00
865.00
867.50
942.50
960.00
882.50
847.50
912.50
970.00
920.00
900.00
905.00
962.50
977.50
915.00
910.00
930.00
970.00
907.50
885.00
957.50
1012.50
967.50
932.50
925.00
950.00
940.00
877.50
895.00
960.00
970.00
907.50
872.50
920.00
1005.00
937.50
920.00
957.50
980.00
965.00
910.00
927.50
977.50
975.00
922.50
885.00
917.50
967.50
937.50
895.00
945.00
960.00
977.50
932.50
917.50
972.50
1012.50
897.50
905.00
975.00
1025.00
975.00
920.00
935.00
970.00
987.50
940.00
907.50
962.50
942.50
880.00
