737.50
740.00
705.00
685.00
702.50
720.00
737.50
725.00
700.00
705.00
722.50
730.00
717.50
682.50
675.00
687.50
695.00
705.00
722.50
697.50
677.50
697.50
725.00
747.50
770.00
717.50
697.50
702.50
710.00
732.50
752.50
700.00
680.00
685.00
707.50
727.50
737.50
707.50
690.00
712.50
725.00
745.00
712.50
685.00
675.00
697.50
712.50
722.50
730.00
695.00
680.00
692.50
705.00
720.00
712.50
682.50
680.00
710.00
725.00
735.00
725.00
682.50
685.00
697.50
712.50
720.00
692.50
682.50
665.00
680.00
697.50
715.00
695.00
675.00
682.50
702.50
717.50
725.00
707.50
680.00
690.00
715.00
740.00
750.00
717.50
692.50
700.00
720.00
750.00
750.00
712.50
687.50
707.50
702.50
732.50
727.50
705.00
680.00
692.50
715.00
732.50
712.50
690.00
675.00
690.00
720.00
742.50
720.00
695.00
692.50
710.00
732.50
752.50
712.50
695.00
715.00
745.00
770.00
730.00
705.00
705.00
735.00
747.50
760.00
715.00
687.50
692.50
727.50
742.50
750.00
707.50
690.00
700.00
722.50
735.00
737.50
697.50
680.00
677.50
687.50
725.00
737.50
697.50
682.50
690.00
715.00
725.00
712.50
687.50
670.00
682.50
712.50
737.50
745.00
702.50
692.50
715.00
755.00
767.50
767.50
730.00
695.00
712.50
717.50
740.00
730.00
695.00
685.00
710.00
722.50
735.00
720.00
692.50
680.00
702.50
732.50
750.00
707.50
685.00
685.00
700.00
712.50
722.50
707.50
685.00
697.50
715.00
730.00
727.50
707.50
687.50
712.50
725.00
757.50
750.00
702.50
690.00
710.00
732.50
740.00
725.00
700.00
685.00
707.50
712.50
737.50
730.00
700.00
687.50
717.50
750.00
745.00
727.50
690.00
695.00
720.00
715.00
722.50
727.50
700.00
685.00
710.00
710.00
707.50
687.50
672.50
682.50
695.00
725.00
740.00
707.50
682.50
695.00
712.50
735.00
755.00
720.00
690.00
707.50
732.50
752.50
755.00
705.00
690.00
700.00
717.50
745.00
742.50
722.50
690.00
685.00
700.00
715.00
742.50
705.00
682.50
685.00
715.00
737.50
750.00
705.00
687.50
682.50
687.50
700.00
712.50
685.00
667.50
687.50
712.50
745.00
775.00
707.50
687.50
690.00
715.00
735.00
735.00
700.00
687.50
717.50
735.00
732.50
730.00
697.50
682.50
685.00
705.00
735.00
745.00
702.50
685.00
690.00
697.50
722.50
715.00
687.50
670.00
682.50
702.50
727.50
767.50
705.00
682.50
687.50
700.00
722.50
737.50
700.00
677.50
692.50
727.50
747.50
750.00
722.50
692.50
697.50
720.00
742.50
737.50
697.50
680.00
707.50
730.00
745.00
740.00
707.50
692.50
715.00
722.50
737.50
720.00
697.50
687.50
700.00
710.00
735.00
710.00
685.00
690.00
715.00
742.50
752.50
735.00
702.50
697.50
730.00
737.50
747.50
740.00
712.50
700.00
725.00
742.50
770.00
740.00
702.50
692.50
702.50
722.50
732.50
715.00
685.00
675.00
687.50
702.50
725.00
705.00
680.00
667.50
685.00
702.50
712.50
710.00
682.50
672.50
702.50
732.50
732.50
702.50
682.50
705.00
737.50
745.00
720.00
700.00
695.00
717.50
727.50
732.50
692.50
680.00
687.50
692.50
710.00
685.00
675.00
680.00
707.50
745.00
750.00
702.50
695.00
730.00
762.50
775.00
772.50
715.00
705.00
740.00
740.00
742.50
712.50
687.50
687.50
717.50
720.00
747.50
717.50
695.00
697.50
742.50
757.50
762.50
722.50
697.50
702.50
732.50
730.00
745.00
700.00
687.50
697.50
710.00
740.00
742.50
707.50
682.50
695.00
722.50
742.50
755.00
702.50
680.00
685.00
700.00
745.00
770.00
727.50
717.50
737.50
767.50
800.00
762.50
722.50
710.00
735.00
760.00
770.00
720.00
697.50
710.00
725.00
740.00
722.50
692.50
677.50
682.50
690.00
735.00
747.50
712.50
687.50
697.50
742.50
752.50
747.50
712.50
692.50
712.50
730.00
757.50
752.50
705.00
690.00
702.50
725.00
760.00
750.00
707.50
695.00
707.50
732.50
747.50
747.50
705.00
687.50
707.50
717.50
752.50
742.50
725.00
690.00
707.50
725.00
757.50
762.50
722.50
700.00
720.00
717.50
722.50
702.50
680.00
690.00
707.50
732.50
737.50
700.00
682.50
702.50
722.50
752.50
715.00
697.50
695.00
710.00
717.50
742.50
707.50
685.00
682.50
700.00
720.00
720.00
687.50
682.50
710.00
750.00
787.50
767.50
717.50
705.00
732.50
735.00
775.00
740.00
700.00
690.00
702.50
727.50
740.00
715.00
690.00
690.00
705.00
732.50
747.50
710.00
695.00
705.00
710.00
720.00
710.00
690.00
672.50
690.00
730.00
742.50
760.00
712.50
690.00
695.00
717.50
765.00
757.50
715.00
695.00
695.00
712.50
732.50
745.00
717.50
695.00
705.00
727.50
742.50
762.50
712.50
702.50
700.00
715.00
727.50
727.50
702.50
685.00
690.00
715.00
730.00
740.00
710.00
692.50
697.50
710.00
712.50
722.50
700.00
680.00
695.00
717.50
737.50
750.00
712.50
692.50
700.00
715.00
742.50
722.50
687.50
672.50
672.50
692.50
720.00
737.50
697.50
682.50
707.50
727.50
750.00
750.00
712.50
692.50
695.00
702.50
722.50
737.50
700.00
687.50
695.00
705.00
725.00
730.00
695.00
677.50
702.50
717.50
735.00
730.00
690.00
680.00
695.00
702.50
725.00
722.50
692.50
680.00
705.00
720.00
727.50
720.00
682.50
672.50
687.50
692.50
727.50
712.50
682.50
667.50
682.50
682.50
712.50
697.50
672.50
672.50
692.50
725.00
755.00
750.00
710.00
682.50
692.50
705.00
722.50
730.00
695.00
680.00
680.00
700.00
715.00
717.50
690.00
675.00
682.50
705.00
725.00
742.50
700.00
682.50
695.00
707.50
740.00
747.50
702.50
692.50
705.00
715.00
720.00
740.00
695.00
672.50
677.50
690.00
697.50
700.00
682.50
667.50
702.50
717.50
722.50
720.00
685.00
680.00
700.00
715.00
722.50
702.50
682.50
677.50
702.50
732.50
750.00
707.50
685.00
687.50
700.00
712.50
725.00
692.50
672.50
677.50
707.50
742.50
745.00
720.00
690.00
700.00
712.50
730.00
747.50
717.50
692.50
692.50
712.50
725.00
755.00
715.00
682.50
680.00
690.00
712.50
727.50
695.00
675.00
685.00
707.50
722.50
735.00
695.00
677.50
697.50
712.50
732.50
735.00
697.50
682.50
695.00
697.50
715.00
717.50
687.50
675.00
700.00
710.00
730.00
740.00
692.50
682.50
700.00
715.00
750.00
740.00
702.50
682.50
700.00
712.50
742.50
722.50
685.00
677.50
692.50
710.00
722.50
722.50
695.00
675.00
695.00
710.00
727.50
735.00
695.00
682.50
687.50
705.00
730.00
730.00
697.50
672.50
680.00
690.00
727.50
730.00
700.00
680.00
685.00
695.00
725.00
732.50
700.00
682.50
685.00
710.00
725.00
735.00
707.50
682.50
687.50
702.50
715.00
712.50
680.00
667.50
675.00
680.00
710.00
712.50
680.00
665.00
667.50
682.50
705.00
722.50
725.00
687.50
675.00
702.50
730.00
740.00
720.00
687.50
690.00
712.50
722.50
740.00
715.00
690.00
682.50
710.00
730.00
742.50
715.00
685.00
685.00
702.50
712.50
720.00
692.50
670.00
670.00
677.50
687.50
712.50
707.50
672.50
677.50
705.00
720.00
722.50
705.00
667.50
672.50
680.00
685.00
702.50
687.50
667.50
670.00
700.00
725.00
735.00
720.00
690.00
692.50
717.50
747.50
752.50
735.00
707.50
692.50
707.50
715.00
747.50
715.00
690.00
680.00
697.50
722.50
732.50
712.50
685.00
685.00
715.00
720.00
725.00
712.50
687.50
685.00
700.00
712.50
722.50
685.00
675.00
680.00
690.00
702.50
710.00
682.50
665.00
670.00
687.50
695.00
705.00
682.50
662.50
670.00
692.50
722.50
730.00
707.50
682.50
692.50
715.00
727.50
737.50
712.50
682.50
682.50
707.50
727.50
725.00
690.00
675.00
682.50
705.00
722.50
730.00
690.00
677.50
685.00
705.00
702.50
717.50
697.50
675.00
690.00
710.00
755.00
740.00
727.50
685.00
700.00
712.50
755.00
742.50
710.00
687.50
687.50
700.00
715.00
730.00
697.50
672.50
685.00
705.00
715.00
720.00
682.50
667.50
670.00
690.00
702.50
707.50
685.00
665.00
672.50
680.00
702.50
720.00
705.00
675.00
670.00
685.00
702.50
715.00
715.00
685.00
665.00
670.00
697.50
740.00
752.50
707.50
695.00
735.00
757.50
797.50
742.50
710.00
715.00
735.00
752.50
775.00
717.50
697.50
712.50
722.50
762.50
755.00
712.50
692.50
702.50
712.50
735.00
735.00
690.00
680.00
687.50
697.50
705.00
695.00
680.00
677.50
710.00
752.50
790.00
757.50
702.50
702.50
720.00
725.00
727.50
697.50
682.50
685.00
697.50
720.00
740.00
717.50
687.50
705.00
720.00
757.50
757.50
717.50
692.50
705.00
720.00
742.50
752.50
717.50
695.00
697.50
710.00
735.00
735.00
700.00
687.50
702.50
710.00
735.00
722.50
690.00
680.00
697.50
707.50
727.50
695.00
682.50
677.50
690.00
725.00
762.50
707.50
682.50
682.50
700.00
720.00
752.50
702.50
685.00
715.00
730.00
755.00
735.00
695.00
690.00
705.00
720.00
742.50
722.50
700.00
687.50
692.50
702.50
710.00
680.00
680.00
687.50
702.50
722.50
722.50
705.00
682.50
697.50
715.00
737.50
720.00
697.50
702.50
727.50
762.50
750.00
720.00
697.50
717.50
737.50
755.00
747.50
710.00
690.00
715.00
725.00
742.50
742.50
707.50
690.00
695.00
715.00
725.00
712.50
692.50
677.50
697.50
715.00
742.50
747.50
702.50
697.50
727.50
740.00
750.00
710.00
695.00
702.50
717.50
727.50
732.50
695.00
677.50
697.50
707.50
730.00
717.50
682.50
670.00
680.00
687.50
710.00
717.50
697.50
680.00
712.50
727.50
747.50
735.00
692.50
677.50
682.50
692.50
715.00
725.00
685.00
667.50
672.50
700.00
745.00
747.50
712.50
685.00
685.00
722.50
732.50
745.00
715.00
685.00
695.00
720.00
742.50
745.00
700.00
682.50
687.50
697.50
717.50
725.00
695.00
682.50
692.50
702.50
725.00
727.50
685.00
682.50
687.50
710.00
725.00
730.00
695.00
682.50
690.00
707.50
727.50
755.00
715.00
700.00
695.00
705.00
730.00
747.50
707.50
690.00
687.50
702.50
732.50
732.50
702.50
682.50
692.50
705.00
720.00
737.50
695.00
675.00
685.00
702.50
715.00
707.50
