1095.00
1067.50
1117.50
1090.00
1015.00
970.00
1020.00
1042.50
1037.50
1005.00
1012.50
1060.00
1050.00
1025.00
1035.00
1110.00
1120.00
1057.50
1040.00
1035.00
1012.50
967.50
970.00
1070.00
1052.50
980.00
1012.50
1060.00
1050.00
982.50
982.50
1035.00
1075.00
1015.00
955.00
992.50
1047.50
1062.50
955.00
942.50
977.50
1010.00
980.00
982.50
1060.00
1080.00
1042.50
980.00
1025.00
1032.50
1010.00
1015.00
1030.00
1042.50
1000.00
992.50
1057.50
1097.50
1052.50
1067.50
1077.50
1052.50
1020.00
1020.00
1042.50
1037.50
967.50
987.50
1025.00
1082.50
1015.00
972.50
987.50
1045.00
1030.00
927.50
970.00
1010.00
1035.00
947.50
967.50
1045.00
1002.50
937.50
942.50
992.50
1062.50
1050.00
952.50
992.50
1057.50
1150.00
1065.00
1035.00
1115.00
1127.50
1080.00
1005.00
1022.50
1075.00
1135.00
1100.00
1050.00
1067.50
1102.50
1075.00
1037.50
1027.50
1062.50
1067.50
1027.50
997.50
1050.00
1065.00
1015.00
962.50
995.00
1112.50
1095.00
1035.00
1037.50
1097.50
1120.00
1067.50
1000.00
1015.00
1065.00
1030.00
975.00
985.00
1042.50
1105.00
1050.00
1042.50
1110.00
1125.00
1065.00
992.50
1022.50
1062.50
1077.50
990.00
1072.50
1112.50
1100.00
1030.00
1067.50
1062.50
1055.00
1015.00
1005.00
1025.00
1037.50
1035.00
1020.00
1035.00
1015.00
1015.00
970.00
1002.50
1032.50
1060.00
1005.00
965.00
1067.50
1105.00
1062.50
1000.00
1032.50
1060.00
1030.00
980.00
992.50
1065.00
1090.00
1035.00
1012.50
1077.50
1055.00
1040.00
987.50
1035.00
1052.50
1012.50
995.00
1060.00
1052.50
1010.00
955.00
987.50
1087.50
1097.50
1025.00
1012.50
1075.00
1102.50
1055.00
1022.50
1095.00
1102.50
1055.00
992.50
1012.50
1022.50
1002.50
950.00
1025.00
1055.00
1047.50
1002.50
1052.50
1060.00
1030.00
960.00
977.50
1017.50
1015.00
982.50
1050.00
1092.50
1065.00
997.50
1025.00
1065.00
1062.50
995.00
1017.50
1045.00
1050.00
1007.50
987.50
1067.50
1062.50
1007.50
990.00
1037.50
1052.50
1025.00
935.00
972.50
1032.50
1055.00
1000.00
950.00
1032.50
1045.00
1020.00
942.50
1000.00
1087.50
1067.50
1022.50
1022.50
1062.50
1080.00
1010.00
960.00
1047.50
1097.50
1057.50
987.50
1052.50
1042.50
1022.50
960.00
1025.00
1065.00
1057.50
980.00
1000.00
1047.50
1045.00
1022.50
965.00
1042.50
1092.50
1077.50
1010.00
1075.00
1107.50
1080.00
1022.50
985.00
1030.00
1060.00
1047.50
985.00
1020.00
1052.50
1060.00
1000.00
1015.00
1040.00
1045.00
1020.00
990.00
1090.00
1152.50
1085.00
1030.00
1095.00
1072.50
1022.50
975.00
1022.50
1065.00
1050.00
997.50
1135.00
1202.50
1107.50
1020.00
1050.00
1050.00
995.00
965.00
1010.00
1067.50
1037.50
960.00
1032.50
1055.00
1032.50
995.00
1037.50
1022.50
1040.00
970.00
955.00
1025.00
1045.00
1010.00
955.00
1002.50
1035.00
1007.50
962.50
1007.50
1050.00
1045.00
965.00
1017.50
1055.00
1062.50
1017.50
1010.00
1065.00
1060.00
1005.00
980.00
1030.00
1105.00
1057.50
1012.50
1057.50
1102.50
1090.00
1027.50
1025.00
1062.50
1067.50
1007.50
997.50
1087.50
1065.00
1040.00
975.00
1017.50
1152.50
1105.00
1070.00
1067.50
1105.00
1055.00
1002.50
997.50
1017.50
1080.00
1037.50
1030.00
1065.00
1060.00
1015.00
987.50
1067.50
1110.00
1042.50
975.00
1005.00
1015.00
980.00
960.00
1000.00
1082.50
1065.00
982.50
1035.00
1042.50
1035.00
970.00
1047.50
1067.50
1055.00
1065.00
1145.00
1177.50
1112.50
1030.00
1042.50
1072.50
1045.00
975.00
1005.00
1112.50
1230.00
1160.00
1067.50
960.00
890.00
805.00
835.00
1417.50
1202.50
985.00
1100.00
1112.50
1110.00
980.00
1027.50
1070.00
1065.00
1067.50
977.50
987.50
1062.50
1072.50
1047.50
1085.00
1102.50
1057.50
987.50
977.50
987.50
1217.50
1220.00
1165.00
1085.00
1142.50
1130.00
1092.50
1007.50
1047.50
1075.00
1032.50
1030.00
972.50
1052.50
1102.50
1140.00
1052.50
1012.50
1052.50
1080.00
1057.50
980.00
1045.00
1085.00
1047.50
992.50
1000.00
1027.50
1075.00
1037.50
972.50
1012.50
1030.00
1027.50
1005.00
1022.50
1095.00
1077.50
1037.50
977.50
1022.50
1067.50
1075.00
992.50
975.00
1012.50
1067.50
1022.50
955.00
990.00
1007.50
1007.50
967.50
970.00
1030.00
1002.50
980.00
990.00
1112.50
1102.50
1055.00
1000.00
1042.50
1077.50
1077.50
1007.50
1112.50
1117.50
1135.00
1052.50
1022.50
1040.00
1030.00
1027.50
995.00
1062.50
1102.50
1082.50
992.50
1042.50
1085.00
1087.50
1017.50
1015.00
1022.50
1062.50
1007.50
977.50
1045.00
1065.00
1075.00
1015.00
1020.00
1060.00
1035.00
960.00
1015.00
1075.00
1062.50
1025.00
1037.50
1080.00
1045.00
1007.50
992.50
1020.00
1057.50
1020.00
965.00
1005.00
1070.00
1020.00
990.00
1020.00
1040.00
1047.50
1035.00
1027.50
1042.50
1092.50
1045.00
1012.50
1040.00
1045.00
1027.50
985.00
1005.00
1037.50
1050.00
1035.00
1127.50
1102.50
1085.00
1030.00
1042.50
1055.00
1030.00
985.00
1047.50
1097.50
1042.50
995.00
1047.50
1030.00
1012.50
970.00
975.00
987.50
1012.50
990.00
997.50
1077.50
1090.00
1030.00
1002.50
1072.50
1057.50
1035.00
1017.50
1077.50
1087.50
1032.50
960.00
960.00
985.00
1075.00
1032.50
1047.50
1102.50
1132.50
1037.50
985.00
1040.00
1057.50
997.50
957.50
1005.00
1092.50
1072.50
952.50
1010.00
1067.50
1052.50
997.50
985.00
1045.00
1060.00
1040.00
992.50
1005.00
1005.00
1007.50
985.00
967.50
1017.50
1077.50
1035.00
995.00
1020.00
1075.00
1077.50
1017.50
1015.00
1055.00
1102.50
1020.00
957.50
1037.50
1060.00
1060.00
980.00
1017.50
1050.00
1067.50
1015.00
1027.50
1085.00
1105.00
1055.00
1022.50
1042.50
1105.00
1045.00
1025.00
1092.50
1102.50
1042.50
1025.00
1085.00
1067.50
1027.50
1002.50
1115.00
1137.50
1097.50
1055.00
1095.00
1102.50
1055.00
965.00
1027.50
1065.00
1067.50
1027.50
1037.50
1077.50
1077.50
1035.00
992.50
1055.00
1070.00
1067.50
990.00
1020.00
1080.00
1085.00
1025.00
1005.00
1045.00
1065.00
1025.00
962.50
1030.00
1085.00
1060.00
965.00
972.50
1005.00
1072.50
1022.50
992.50
1032.50
1100.00
1047.50
977.50
980.00
1027.50
1032.50
940.00
935.00
1005.00
1017.50
1020.00
975.00
1037.50
1070.00
1027.50
937.50
980.00
1015.00
1007.50
957.50
965.00
1030.00
1120.00
1082.50
1012.50
1042.50
1087.50
1065.00
972.50
1020.00
1037.50
1077.50
1045.00
970.00
1050.00
1115.00
1100.00
1035.00
1015.00
1040.00
1050.00
977.50
932.50
980.00
1117.50
1090.00
1007.50
1082.50
1105.00
1060.00
995.00
1025.00
1032.50
1005.00
982.50
1030.00
1067.50
1060.00
1070.00
1065.00
1050.00
1035.00
1042.50
1037.50
1000.00
1067.50
1147.50
1142.50
1055.00
1017.50
1130.00
1157.50
1095.00
1042.50
1080.00
1130.00
1050.00
1022.50
1157.50
1150.00
1050.00
967.50
1012.50
1050.00
1027.50
957.50
942.50
995.00
1030.00
1030.00
970.00
1022.50
1067.50
1075.00
1005.00
1025.00
1080.00
1107.50
1035.00
1000.00
1042.50
1092.50
1070.00
1005.00
1077.50
1117.50
1135.00
1025.00
997.50
1057.50
1117.50
1145.00
1062.50
1092.50
1140.00
1147.50
1077.50
990.00
1040.00
1162.50
1107.50
1040.00
1112.50
1167.50
1095.00
1077.50
1050.00
1092.50
1050.00
1015.00
1002.50
1017.50
1077.50
1135.00
1002.50
1010.00
1055.00
1112.50
1077.50
1037.50
1132.50
1115.00
1105.00
1087.50
1030.00
1027.50
1110.00
1137.50
1057.50
