586
609
664
688
680
664
680
648
625
617
602
594
578
586
570
609
609
664
680
641
672
625
625
602
594
578
594
586
617
633
672
688
711
930
867
836
750
836
719
641
617
617
586
602
602
609
633
719
711
703
680
664
633
617
594
586
562
555
570
570
602
664
672
664
641
633
625
617
594
609
617
609
648
664
656
648
633
609
594
578
555
562
555
586
648
781
898
969
945
898
844
719
680
633
602
594
570
562
562
562
602
719
852
859
844
820
742
664
641
609
602
570
570
562
570
586
633
688
719
695
680
656
641
625
594
625
602
594
609
625
648
648
648
625
617
602
578
578
562
547
555
555
570
578
586
594
594
586
586
578
578
562
570
562
586
633
852
820
789
742
703
625
602
578
562
562
547
547
562
609
703
820
844
828
750
711
648
641
617
609
602
594
594
602
594
609
609
609
602
594
586
570
562
539
539
531
523
531
531
555
570
625
727
820
828
820
727
688
625
625
594
578
578
578
562
578
578
609
672
797
766
727
672
641
617
602
586
562
547
547
539
539
539
562
594
633
656
688
672
656
656
625
602
586
570
562
539
539
539
539
547
555
602
664
711
695
703
703
664
617
602
578
570
555
555
562
594
641
750
773
727
695
664
633
609
586
578
570
562
547
555
547
570
578
609
617
625
609
617
617
594
586
594
586
586
594
594
617
633
695
680
664
664
633
617
594
586
570
555
555
547
547
562
570
617
711
812
789
750
719
680
633
617
602
586
570
570
562
555
562
570
570
570
570
578
562
555
555
539
531
547
555
578
625
688
766
797
781
750
664
609
594
570
562
547
555
555
570
617
688
688
688
680
648
617
602
578
562
547
539
531
531
539
562
617
641
617
617
617
602
586
586
570
570
570
570
578
586
586
617
625
656
656
648
617
609
594
578
555
547
547
539
547
570
617
727
789
852
852
844
750
664
625
594
578
555
539
539
531
523
531
539
547
586
625
711
742
727
688
680
656
633
617
594
578
555
555
555
539
539
555
562
602
680
773
836
852
805
750
688
625
609
594
570
555
562
547
555
555
555
578
609
641
656
703
742
812
805
711
664
609
594
570
539
539
516
516
516
516
539
570
602
617
633
672
680
680
727
719
742
680
656
625
609
570
562
539
531
531
523
523
539
547
562
594
617
617
609
594
586
562
555
555
539
531
531
531
531
547
547
594
617
633
617
609
602
594
578
562
555
562
555
562
578
594
656
727
711
664
641
617
609
570
562
570
555
570
570
609
625
625
625
609
594
578
562
555
547
539
539
539
570
617
672
734
711
672
641
602
594
562
547
547
523
523
523
523
539
562
578
602
633
633
648
633
625
602
594
570
570
555
547
539
539
523
539
547
570
617
672
672
633
633
602
602
578
578
562
562
562
555
570
562
570
555
547
547
523
523
523
516
516
516
523
523
539
539
562
586
641
688
648
633
609
586
594
555
547
547
531
547
539
562
594
656
703
672
656
625
609
602
570
562
555
562
562
570
586
617
656
641
625
594
586
562
555
555
531
539
531
531
539
547
562
586
617
648
648
648
625
617
609
594
562
562
547
539
523
539
547
570
594
625
641
648
633
617
609
594
578
570
555
555
547
547
539
531
531
531
539
586
633
711
789
797
797
703
664
625
594
586
562
562
547
547
555
555
578
594
641
641
625
609
594
570
570
555
547
531
523
523
531
547
555
570
594
586
578
578
578
562
547
547
539
531
523
531
516
523
539
562
633
781
812
797
758
680
648
633
609
586
586
586
570
570
586
594
609
617
617
617
609
594
586
578
570
555
555
539
539
539
562
570
633
641
680
656
633
625
617
594
586
578
578
570
578
594
617
688
688
664
641
617
586
578
555
555
547
547
547
555
578
586
594
602
617
633
664
664
633
617
602
586
562
547
547
531
531
547
555
578
648
719
789
805
773
711
672
641
617
602
586
570
578
578
594
602
617
602
625
633
633
625
617
609
602
578
578
555
562
570
555
555
586
602
617
633
625
617
594
586
562
547
539
539
539
539
555
586
633
695
758
828
828
805
758
703
656
633
602
586
594
578
594
617
625
648
664
672
641
625
609
602
586
578
555
547
539
539
547
570
625
711
781
742
727
680
625
602
578
562
539
539
539
547
570
617
734
805
820
805
773
695
648
617
609
602
609
594
617
617
633
617
609
586
586
562
539
547
539
539
539
562
586
609
672
711
664
648
641
617
609
586
586
578
570
578
578
586
594
602
609
617
594
586
570
562
555
531
531
516
523
523
523
539
555
570
586
617
633
602
594
602
570
562
555
555
539
523
539
531
547
570
609
648
664
672
727
734
703
680
633
609
602
586
578
570
562
586
578
586
586
578
570
562
555
547
547
539
531
531
539
539
555
570
594
625
617
602
586
586
570
570
555
547
562
562
586
602
656
680
672
625
617
609
594
570
570
570
555
562
578
594
617
641
641
633
625
602
594
578
562
562
547
547
523
531
539
555
570
625
664
664
633
625
609
570
578
555
547
539
539
531
539
539
547
547
555
555
547
539
539
523
516
523
492
508
500
500
516
531
578
656
727
750
734
703