633
664
695
773
930
859
891
859
797
758
703
680
664
641
633
664
711
711
695
680
672
672
648
648
625
594
617
633
773
797
797
781
758
727
695
664
641
633
625
641
656
719
820
867
875
859
812
758
711
656
641
625
617
633
680
734
836
922
891
891
836
758
711
664
641
625
617
641
734
797
789
797
742
734
703
672
656
648
664
758
766
805
789
797
734
711
688
656
633
633
617
695
875
797
805
805
742
711
688
672
648
648
680
711
719
844
766
742
719
742
719
680
656
633
617
609
625
633
688
781
898
844
867
828
750
688
656
617
602
609
625
664
719
828
859
859
930
891
867
789
742
695
672
656
633
625
641
703
758
781
766
750
727
703
664
641
625
625
633
695
766
906
930
914
875
797
750
695
664
664
664
711
875
922
922
891
828
773
734
695
648
633
633
648
703
805
898
984
977
906
859
773
727
703
688
672
711
766
797
758
727
695
672
641
641
617
641
695
867
828
852
789
758
719
680
641
625
633
648
750
883
883
875
805
766
711
680
672
633
633
633
641
648
688
891
898
883
875
820
781
727
680
664
641
648
695
766
984
922
945
891
812
766
719
680
664
664
680
781
914
914
914
859
812
750
711
680
656
648
664
688
781
828
789
766
711
688
672
648
641
656
727
852
836
852
812
766
719
672
664
609
602
602
617
656
719
828
914
961
961
930
906
820
742
719
656
664
672
758
914
875
867
852
797
734
703
672
680
680
734
836
930
891
844
781
727
711
695
656
648
695
711
711
664
656
648
656
688
797
820
820
789
750
719
688
664
648
656
672
781
843
906
898
820
797
734
711
695
672
680
758
828
812
797
727
703
695
680
664
672
719
883
922
914
875
812
773
727
695
664
648
641
656
688
727
766
727
688
688
680
719
695
703
688
695
695
734
742
711
758
758
766
750
719
688
680
625
641
594
609
617
664
828
867
867
875
852
781
742
711
695
688
711
766
789
781
758
719
695
656
633
641
609
633
688
758
891
914
891
852
789
711
734
688
672
680
766
797
781
742
711
664
656
641
648
766
836
867
836
789
750
734
719
711
789
906
898
875
812
773
734
695
680
672
680
711
797
961
945
938
891
820
781
703
703
672
656
680
734
828
875
844
805
766
727
680
664
648
641
648
766
828
859
852
812
773
742
711
711
688
703
742
906
867
891
836
781
742
695
664
648
641
664
688
812
883
883
883
828
781
742
711
688
680
680
711
773
859
844
820
781
734
695
664
648
656
656
703
758
766
766
742
695
688
680
633
648
641
680
750
812
812
812
758
711
695
672
617
641
633
633
734
852
844
852
812
781
711
688
664
680
750
836
836
828
805
742
727
703
688
719
867
875
867
836
781
750
695
664
633
633
617
648
719
859
844
859
820
812
758
727
688
672
648
617
617
609
641
703
859
859
891
867
836
797
750
711
688
656
664
672
711
820
852
852
852
812
766
719
680
672
656
617
641
688
797
867
867
883
844
805
742
711
695
664
656
680
688
781
922
938
875
844
797
758
711
695
664
672
680
742
883
875
852
789
734
727
719
688
680
711
781
852
867
828
789
758
703
695
680
664
680
727
781
820
945
836
789
758
719
703
703
688
672
695
711
773
852
898
867
844
781
742
695
680
664
641
672
750
938
930
945
930
844
797
742
703
680
672
672
750
805
898
773
805
727
711
695
688
711
742
758
758
742
711
672
664
641
641
664
719
859
859
875
828
805
758
734
703
695
688
734
820
852
844
867
797
750
719
688
672
664
672
727
812
852
836
789
758
727
703
688
680
672
742
766
766
727
719
672
664
633
617
625
641
656
773
867
961
930
875
812
758
719
711
695
727
797
867
891
867
836
781
750
719
680
664
656
648
664
703
859
961
953
930
867
789
727
719
703
680
719
836
844
852
828
781
742
711
688
672
664
656
688
711
852
1008
945
945
891
836
750
719
680
664
680
695
750
820
945
898
906
844
805
750
711
688
664
664
641
656
695
758
961
938
914
906
852
797
773
719
703
672
656
656
688
750
797
898
914
914
898
836
766
719
695
680
688
742
844
836
820
766
742
711
680
656
664
672
734