773
820
852
844
836
781
781
695
734
656
703
633
711
719
750
758
750
734
703
695
680
641
680
664
680
688
711
727
703
711
688
664
656
641
641
648
648
680
695
695
703
711
695
695
672
656
648
617
609
602
602
602
609
625
648
695
703
711
711
695
672
625
641
625
625
617
602
633
633
625
625
633
617
617
602
586
586
602
625
648
672
703
695
703
688
695
688
680
648
633
625
617
609
602
594
609
617
633
672
719
719
727
734
695
719
719
719
703
680
672
664
641
633
648
625
609
594
586
586
578
570
578
578
609
625
656
672
672
664
703
688
680
664
656
641
625
625
602
594
594
594
578
609
578
547
586
578
578
570
586
555
578
578
586
609
602
617
625
633
648
641
641
633
633
617
625
633
594
625
578
633
602
609
617
641
641
625
609
617
625
617
625
641
641
648
648
656
703
648
711
680
672
648
641
586
625
602
586
578
547
555
570
602
641
688
695
711
680
711
695
672
664
664
656
648
641
625
641
602
625
609
594
586
562
586
594
609
641
680
727
758
727
711
711
719
695
688
664
641
625
602
594
570
594
539
547
547
539
547
562
609
625
641
648
648
656
672
688
703
719
719
688
656
641
609
594
586
586
570
570
570
562
586
633
656
680
688
703
719
711
688
672
672
672
641
641
625
609
586
578
570
555
555
539
539
539
531
531
531
547
570
586
625
656
664
688
680
695
703
734
734
711
688
641
617
602
578
570
562
555
547
555
547
562
578
594
609
656
680
680
680
672
711
680
688
680
656
641
617
602
586
570
562
547
539
531
523
531
539
555
602
656
703
734
773
758
766
734
703
688
664
625
625
586
586
570
555
547
539
531
547
547
578
609
641
664
680
711
734
750
750
719
680
625
609
594
578
562
562
539
547
570
609
602
617
578
578
594
617
617
633
641
633
625
625
633
617
617
609
602
594
594
594
609
609
586
594
578
562
562
562
555
555
547
562
555
562
586
609
625
641
641
672
688
711
703
672
648
625
594
594
570
562
547
539
531
531
531
547
570
617
641
680
688
695
711
742
750
773
742
719
695
656
633
625
602
586
570
562
555
547
539
539
555
586
680
719
758
758
773
766
773
805
828
812
789
773
734
719
680
641
641
609
594
586
570
570
570
570
586
609
672
664
758
719
750
734
711
695
695
695
672
664
648
633
625
609
609
586
586
578
570
562
570
586
609
641
656
656
672
664
672
656
664
664
648
633
617
617
594
586
562
547
555
531
523
531
523
516
523
539
547
562
570
586
594
602
617
602
609
594
594
602
602
602
586
594
578
570
570
555
555
547
547
562
562
586
602
641
641
672
680
664
656
656
641
648
648
625
617
602
594
586
570
570
555
547
547
539
539
531
539
555
578
609
680
680
703
703
695
703
695
688
672
664
648
617
609
586
570
562
555
547
539
531
523
523
531
555
562
602
625
656
672
688
695
695
680
656
641
625
617
602
586
570
562
539
547
531
555
578
648
695
727
766
711
742
727
711
680
672
648
625
625
625
602
594
586
570
562
562
539
531
539
523
539
539
531
531
547
555
562
594
594
609
625
633
625
609
609
609
609
617
602
594
570
562
555
547
555
539
539
531
539
531
539
531
539
539
547
555
570
586
586
594
594
594
586
586
570
570
562
555
547
539
539
547
547
539
539
531
547
539
539
547
531
539
539
555
555
570
578
594
594
602
602
609
602
602
586
578
578
562
570
555
555
555
539
539
531
531
523
523
516
523
531
531
547
562
570
594
625
617
633
617
609
609
617
625
602
594
586
578
555
555
539
531
523
523
516
516
500
508
508
508
531
562
602
633
641
648
648
625
609
602
602
609
602
602
617
602
586
578
570
555
539
539
547
523
516
516
516
539
570
656
703
711
727
727
727
703
695
688
680
656
664
641
625
594
586
562
547
539
531
531
523
523
523
531
539
562
570
586
602
609
625
617
625
633
633
641
617
617
609
578
570
555
539
539
531
523
523
531
531
547
602
656
656
680
688
664
688
688
695
672
648
641
625
594
594
570
562
547
547
539
531
531
539
555
578
602
617
633
641
672
680
680
680
648
633
617
602
594
570
562
547
539
539
539
547
570
578
609
609
609
609
602
625
625
633
656
625
609
594
578
562
555
539
539
523
516
508
508
508
508
523
562
594
664
680
680
625
617
609
609
625
617
625
617
617
609
594
562
562
547
523
531
508
508
508
492
508
508
523
562
562
578
594
602
594
602
602
617
625
633
648
625
633
609
602
578
562
555
547
547
555
555
562
586
586
586
594
602
594
594
594
594
586
578
570
555
555
539
531
531
516
531
508
516
523
531
555