648
641
617
617
617
633
656
906
914
844
766
727
672
664
633
625
625
625
625
633
664
680
727
719
703
703
672
656
633
617
602
602
578
594
578
617
617
883
812
742
688
656
617
609
594
602
609
633
672
742
766
734
711
680
641
625
602
594
594
578
594
609
633
711
727
672
648
633
617
617
609
617
617
625
680
719
773
719
672
648
625
609
602
609
609
648
840
1031
945
914
781
672
648
625
641
922
1039
1047
1023
922
758
688
617
609
594
609
609
633
703
961
914
883
750
727
664
648
625
602
594
594
586
609
609
625
875
922
859
797
711
664
617
617
594
609
602
641
883
930
898
805
719
664
641
617
609
617
617
641
664
914
898
828
797
789
680
680
602
617
664
711
602
570
570
578
602
648
664
641
609
586
602
570
570
570
570
555
570
562
562
562
570
594
617
641
664
656
648
625
602
594
578
578
562
555
555
562
570
578
735
891
883
820
805
742
680
641
594
586
586
578
578
594
617
656
969
1000
969
922
883
742
680
703
652
602
609
625
633
695
922
875
828
812
734
672
633
609
602
586
586
586
609
609
648
796
945
906
805
695
633
602
594
594
609
672
883
875
898
906
852
758
711
664
672
648
609
641
617
883
945
883
930
938
883
742
867
812
688
672
656
680
742
938
914
875
711
719
711
570
570
602
562
586
555
602
562
641
656
680
664
664
625
656
570
594
594
578
570
578
578
570
578
594
594
641
891
867
797
750
703
641
633
586
578
617
531
562
570
570
570
586
594
594
867
859
852
766
711
672
609
578
562
547
543
539
547
539
547
570
586
625
625
609
578
570
578
570
555
555
555
555
562
562
578
594
820
852
773
750
688
656
594
602
531
578
555
531
539
547
523
531
555
516
625
781
773
750
688
648
602
586
578
539
555
539
547
531
516
539
539
555
555
641
953
852
805
734
688
641
594
570
555
547
547
531
539
539
547
562
570
602
938
914
859
828
773
734
688
641
594
578
602
531
555
562
578
562
602
609
625
801
977
891
828
781
656
633
641
555
539
547
594
555
531
562
562
586
570
656
805
766
731
703
664
625
602
570
555
547
559
556
555
562
578
805
805
734
695
664
625
594
570
555
539
559
578
570
586
609
648
664
656
625
594
602
578
562
570
578
578
602
617
688
883
891
820
719
672
602
594
570
547
562
562
570
898
914
836
797
727
664
625
594
586
570
578
578
602
633
641
688
719
867
898
828
789
750
727
664
625
594
578
570
586
602
547
570
594
617
656
836
812
977
1023
961
883
812
750
680
641
609
594
594
609
609
609
633
633
688
961
969
1016
1008
945
875
812
727
672
656
625
617
602
629
656
625
602
617
625
739
852
852
805
766
711
672
617
594
586
562
562
582
602
609
625
922
891
891
836
797
742
703
664
633
594
586
586
570
594
602
641
797
910
1023
1055
953
875
781
703
656
617
609
586
625
656
602
602
609
641
680
930
953
969
945
891
812
719
664
641
609
609
594
594
594
594
625
664
1000
1008
1055
1016
906
836
766
711
664
641
617
594
599
594
610
625
625
648
672
992
984
906
859
812
750
688
672
633
609
602
586
586
625
633
703
961
1031
961
930
898
844
739
672
625
594
594
594
633
719
805
734
664
664
719
945
1016
1023
1031
930
852
773
641
594
656
594
602
641
945
883
898
922
938
961
898
883
859
836
812
766
734
688
656
641
617
625
648
664
695
766
867
898
941
984
938
867
789
719
680
656
633
633
625
648
656
680
719
727
734
945
867
828
805
746
688
648
625
594
586
586
609
641
883
867
883
914
961
898
828
773
719
680
656
648
656
648
641
602
609
594
617
609
641
633
648
945
961
922
820
789
742
711
664
633
625
602
609
602
609
625
648
734
961
848
883
891
836
820
805
773
727
695
672
664
648
641
648
672
891
930
961
961
938
898
859
820
758
703
672
656
633
625
625
754
711
719
680
883
875
836
812
781
727
703
680
656
641
617
609
609
609
625
617
648
672
953
883
820
789
758
700
641
609
594
578
570
594
629
664
672
711
781
922
992
918
844
719
672
656
641
625
672
875
883
898
898
953
965
977
969
898
797
727
703
672
633
641
633
625
617
879
838
797
734
695
664
672
625
711
703
695
711
727
781
648
777
906
914
891